0
0
0
0
0
0
0
0
0
0
291967
291967
291967
291967
291967
291967
291967
291967
291967
291967
165075
165075
165075
165075
165075
165075
165075
165075
165075
165075
93554
93554
93554
93554
93554
93554
93554
93554
93554
93554
79711.2
79711.2
79711.2
79711.2
79711.2
79711.2
79711.2
79711.2
79711.2
79711.2
77980.9
77980.9
77980.9
77980.9
77980.9
77980.9
77980.9
77980.9
77980.9
77980.9
72789.9
72789.9
72789.9
72789.9
72789.9
72789.9
72789.9
72789.9
72789.9
72789.9
62407.8
62407.8
62407.8
62407.8
62407.8
62407.8
62407.8
62407.8
62407.8
62407.8
78557.7
78557.7
78557.7
78557.7
78557.7
78557.7
78557.7
78557.7
78557.7
78557.7
77980.9
77980.9
77980.9
77980.9
77980.9
77980.9
77980.9
77980.9
77980.9
77980.9
39913.3
39913.3
39913.3
39913.3
39913.3
39913.3
39913.3
39913.3
39913.3
39913.3
66445.3
66445.3
66445.3
66445.3
66445.3
66445.3
66445.3
66445.3
66445.3
66445.3
60677.4
60677.4
60677.4
60677.4
60677.4
60677.4
60677.4
60677.4
60677.4
60677.4
57793.5
57793.5
57793.5
57793.5
57793.5
57793.5
57793.5
57793.5
57793.5
57793.5
57793.5
57793.5
57793.5
57793.5
57793.5
57793.5
57793.5
57793.5
57793.5
57793.5
50872.2
50872.2
50872.2
50872.2
50872.2
50872.2
50872.2
50872.2
50872.2
50872.2
64138.1
64138.1
64138.1
64138.1
64138.1
64138.1
64138.1
64138.1
64138.1
64138.1
43950.8
43950.8
43950.8
43950.8
43950.8
43950.8
43950.8
43950.8
43950.8
43950.8
70482.7
70482.7
70482.7
70482.7
70482.7
70482.7
70482.7
70482.7
70482.7
70482.7
62407.8
62407.8
62407.8
62407.8
62407.8
62407.8
62407.8
62407.8
62407.8
62407.8
50872.2
50872.2
50872.2
50872.2
50872.2
50872.2
50872.2
50872.2
50872.2
50872.2
52602.5
52602.5
52602.5
52602.5
52602.5
52602.5
52602.5
52602.5
52602.5
52602.5
57216.8
57216.8
57216.8
57216.8
57216.8
57216.8
57216.8
57216.8
57216.8
57216.8
44527.6
44527.6
44527.6
44527.6
44527.6
44527.6
44527.6
44527.6
44527.6
44527.6
56063.2
56063.2
56063.2
56063.2
56063.2
56063.2
56063.2
56063.2
56063.2
56063.2
50872.2
50872.2
50872.2
50872.2
50872.2
50872.2
50872.2
50872.2
50872.2
50872.2
53179.3
53179.3
53179.3
53179.3
53179.3
53179.3
53179.3
53179.3
53179.3
53179.3
57216.8
57216.8
57216.8
57216.8
57216.8
57216.8
57216.8
57216.8
57216.8
57216.8
46257.9
46257.9
46257.9
46257.9
46257.9
46257.9
46257.9
46257.9
46257.9
46257.9
59523.9
59523.9
59523.9
59523.9
59523.9
59523.9
59523.9
59523.9
59523.9
59523.9
46834.7
46834.7
46834.7
46834.7
46834.7
46834.7
46834.7
46834.7
46834.7
46834.7
60100.7
60100.7
60100.7
60100.7
60100.7
60100.7
60100.7
60100.7
60100.7
60100.7
47411.5
47411.5
47411.5
47411.5
47411.5
47411.5
47411.5
47411.5
47411.5
47411.5
58370.3
58370.3
58370.3
58370.3
58370.3
58370.3
58370.3
58370.3
58370.3
58370.3
42797.2
42797.2
42797.2
42797.2
42797.2
42797.2
42797.2
42797.2
42797.2
42797.2
39336.5
39336.5
39336.5
39336.5
39336.5
39336.5
39336.5
39336.5
39336.5
39336.5
51448.9
51448.9
51448.9
51448.9
51448.9
51448.9
51448.9
51448.9
51448.9
51448.9
51448.9
51448.9
51448.9
51448.9
51448.9
51448.9
51448.9
51448.9
51448.9
51448.9
51448.9
51448.9
51448.9
51448.9
51448.9
51448.9
51448.9
51448.9
51448.9
51448.9
53179.3
53179.3
53179.3
53179.3
53179.3
53179.3
53179.3
53179.3
53179.3
53179.3
43950.8
43950.8
43950.8
43950.8
43950.8
43950.8
43950.8
43950.8
43950.8
43950.8
40490.1
40490.1
40490.1
40490.1
40490.1
40490.1
40490.1
40490.1
40490.1
40490.1
47411.5
47411.5
47411.5
47411.5
47411.5
47411.5
47411.5
47411.5
47411.5
47411.5
32991.9
32991.9
32991.9
32991.9
32991.9
32991.9
32991.9
32991.9
32991.9
32991.9
34722.3
34722.3
34722.3
34722.3
34722.3
34722.3
34722.3
34722.3
34722.3
34722.3
49141.8
49141.8
49141.8
49141.8
49141.8
49141.8
49141.8
49141.8
49141.8
49141.8
47988.2
47988.2
47988.2
47988.2
47988.2
47988.2
47988.2
47988.2
47988.2
47988.2
32991.9
32991.9
32991.9
32991.9
32991.9
32991.9
32991.9
32991.9
32991.9
32991.9
44527.6
44527.6
44527.6
44527.6
44527.6
44527.6
44527.6
44527.6
44527.6
44527.6
43950.8
43950.8
43950.8
43950.8
43950.8
43950.8
43950.8
43950.8
43950.8
43950.8
